# Opmerking: door stationsverplaatsingen en veranderingen in waarneemmethodieken zijn deze tijdreeksen van uurwaarden mogelijk inhomogeen! Dat betekent dat deze reeks van gemeten waarden niet geschikt is voor trendanalyse. Voor studies naar klimaatverandering verwijzen we naar de gehomogeniseerde dagreeksen <http://www.knmi.nl/nederland-nu/klimatologie/daggegevens> of de Centraal Nederland Temperatuur <http://www.knmi.nl/kennis-en-datacentrum/achtergrond/centraal-nederland-temperatuur-cnt>.
# 
# SOURCE: ROYAL NETHERLANDS METEOROLOGICAL INSTITUTE (KNMI)
# Comment: These time series are inhomogeneous because of station relocations and changes in observation techniques. As a result these series are not suitable for trend analysis. For climate change studies we refer to the homogenized series of daily data <http://www.knmi.nl/nederland-nu/klimatologie/daggegevens> or the Central Netherlands Temperature <http://www.knmi.nl/kennis-en-datacentrum/achtergrond/centraal-nederland-temperatuur-cnt>.
# 
# STN         LON(east)   LAT(north)  ALT(m)      NAME
# 260         5.180       52.100      1.90        De Bilt     
# FG        : Etmaalgemiddelde windsnelheid (in 0.1 m/s) / Daily mean windspeed (in 0.1 m/s)
# TG        : Etmaalgemiddelde temperatuur (in 0.1 graden Celsius) / Daily mean temperature in (0.1 degrees Celsius)
# Q         : Globale straling (in J/cm2) / Global radiation (in J/cm2)
# DR        : Duur van de neerslag (in 0.1 uur) / Precipitation duration (in 0.1 hour)
# RH        : Etmaalsom van de neerslag (in 0.1 mm) (-1 voor <0.05 mm) / Daily precipitation amount (in 0.1 mm) (-1 for <0.05 mm)
# UG        : Etmaalgemiddelde relatieve vochtigheid (in procenten) / Daily mean relative atmospheric humidity (in percents)
# STN,YYYYMMDD,   FG,   TG,    Q,   DR,   RH,   UG
  260,20200227,   27,   27,  196,   74,   50,   89
  260,20200228,   50,   46,  508,   66,   81,   83
  260,20200229,   75,   87,  512,   16,   17,   75
  260,20200301,   67,   66,  785,    0,   -1,   72
  260,20200302,   31,   55,  244,   95,   87,   90
  260,20200303,   33,   44,  915,   15,   27,   83
  260,20200304,   26,   65,  907,    6,    9,   79
  260,20200305,   42,   55,  280,  100,  118,   90
  260,20200306,   40,   62,  674,   49,   19,   80
  260,20200307,   41,   66,  959,    0,    0,   76
  260,20200308,   55,   87,  314,   14,    6,   82
  260,20200309,   45,   78,  936,   26,   37,   80
  260,20200310,   70,  101,  179,  147,  164,   92
  260,20200311,   49,  110,  891,   69,   80,   85
  260,20200312,   73,   84, 1164,   27,   47,   66
  260,20200313,   42,   66,  565,   29,   54,   81
  260,20200314,   41,   67, 1088,    5,    5,   80
  260,20200315,   47,   96,  404,    0,    0,   78
  260,20200316,   18,   75, 1203,    0,    0,   82
  260,20200317,   40,   86, 1366,    0,    0,   68
  260,20200318,   40,  105,  902,    0,    0,   64
  260,20200319,   26,   85,  391,    0,    0,   87
  260,20200320,   46,   67,  512,    0,   -1,   75
  260,20200321,   63,   46, 1737,    0,    0,   61
  260,20200322,   62,   46, 1844,    0,    0,   50
  260,20200323,   58,   47, 1851,    0,    0,   43
  260,20200324,   45,   49, 1848,    0,    0,   44
  260,20200325,   39,   55, 1897,    0,    0,   44
  260,20200326,   48,   66, 1826,    0,    0,   40
  260,20200327,   47,   85, 1720,    0,    0,   54
  260,20200328,   58,   74, 1741,    0,   -1,   64
  260,20200329,   67,   47, 1693,    0,   -1,   51
  260,20200330,   23,   38,  950,    5,   20,   78
  260,20200331,   33,   41, 2028,    0,    0,   62
  260,20200401,   16,   39, 1488,    0,    0,   73
  260,20200402,   37,   70, 1002,    0,   -1,   74
  260,20200403,   25,   66,  974,    0,   -1,   74
  260,20200404,   32,   73, 2083,    0,    0,   59
  260,20200405,   50,  126, 2089,    0,    0,   47
  260,20200406,   39,  143, 1800,    6,    1,   57
  260,20200407,   26,  122, 2066,    0,    0,   65
  260,20200408,   17,  150, 1966,    0,    0,   65
  260,20200409,   28,  133, 1981,    0,    0,   65
  260,20200410,   28,  115, 2081,    0,    0,   58
  260,20200411,   18,  122, 2189,    0,    0,   54
  260,20200412,   20,  140, 1792,    2,    1,   61
  260,20200413,   58,   78, 1759,    0,   -1,   55
  260,20200414,   23,   60, 1058,    0,   -1,   67
  260,20200415,   15,   85, 2206,    0,    0,   67
  260,20200416,   27,  130, 2131,    0,    0,   60
  260,20200417,   43,  109, 2220,    0,    0,   61
  260,20200418,   25,  111,  906,   18,   10,   74
  260,20200419,   47,  125, 2401,    0,   -1,   43
  260,20200420,   70,  127, 2442,    0,    0,   38
  260,20200421,   74,  139, 2444,    0,    0,   40
  260,20200422,   56,  152, 2463,    0,    0,   41
  260,20200423,   28,  158, 2416,    0,    0,   47
  260,20200424,   35,  124, 2354,    0,    0,   64
  260,20200425,   28,   98, 1721,    0,    0,   66
  260,20200426,   15,   90, 2460,    0,    0,   73
  260,20200427,   24,  124, 2344,    0,    0,   64
  260,20200428,   30,   94,  542,   49,   17,   90
  260,20200429,   33,  117, 1000,   64,   25,   83
  260,20200430,   48,  115, 1607,   21,   73,   70
  260,20200501,   43,  105, 1240,   18,   29,   77
  260,20200502,   34,  103, 1453,   15,   39,   77
  260,20200503,   17,  110, 1429,   30,    7,   80
  260,20200504,   38,  108, 2459,   11,    4,   71
  260,20200505,   36,   92, 2669,    0,    0,   62
  260,20200506,   25,  106, 2682,    0,    0,   63
  260,20200507,   14,  120, 2589,    0,    0,   66
  260,20200508,   14,  145, 2336,    0,    0,   62
  260,20200509,   30,  171, 2636,    0,    0,   56
  260,20200510,   48,  129, 1755,    0,   -1,   68
  260,20200511,   63,   84, 2215,    5,    6,   53
  260,20200512,   25,   77, 2013,    0,    0,   65
  260,20200513,   35,   72, 1748,    2,    2,   66
  260,20200514,   33,   71, 2016,    0,    0,   61
  260,20200515,   21,   85, 2147,    0,    0,   68
  260,20200516,   28,   98, 1828,    0,    0,   71
  260,20200517,   25,  121, 2210,    0,    0,   63
  260,20200518,   30,  149, 2687,    0,    0,   65
  260,20200519,   28,  166, 2623,    0,    0,   66
  260,20200520,   20,  162, 2327,    0,    0,   72
  260,20200521,   21,  192, 2740,    0,    0,   62
  260,20200522,   44,  190, 1314,    8,    2,   56
  260,20200523,   53,  153, 2397,    0,    0,   60
  260,20200524,   35,  135,  606,   43,   27,   78
  260,20200525,   27,  155, 2581,    0,    0,   72
  260,20200526,   19,  163, 2751,    0,    0,   65
  260,20200527,   35,  158, 2800,    0,    0,   67
  260,20200528,   40,  141, 2994,    0,    0,   59
  260,20200529,   30,  153, 3005,    0,    0,   58
  260,20200530,   36,  178, 2804,    0,    0,   48
  260,20200531,   46,  172, 2898,    0,    0,   52
  260,20200601,   30,  188, 2744,    0,    0,   51
  260,20200602,   23,  201, 2636,    0,    0,   55
  260,20200603,   32,  175, 2377,    0,    0,   70
  260,20200604,   37,  128,  933,   33,   30,   80
  260,20200605,   38,   99, 1053,   50,  161,   81
  260,20200606,   59,  116, 1997,   26,   44,   69
  260,20200607,   39,  127, 1286,   14,   32,   78
  260,20200608,   36,  146, 2487,    3,    8,   73
  260,20200609,   26,  133, 1454,    0,    0,   67
  260,20200610,   21,  139, 1464,    6,    4,   76
  260,20200611,   28,  157, 1189,   27,   28,   81
  260,20200612,   37,  195, 2456,   24,   67,   74
  260,20200613,   25,  202, 2772,   24,   42,   76
  260,20200614,   21,  183, 1187,    5,    2,   83
  260,20200615,   18,  191, 1793,    0,    0,   69
  260,20200616,   13,  179, 1014,   41,   12,   87
  260,20200617,   28,  190, 2292,   26,   64,   77
  260,20200618,   25,  176, 1570,   48,  100,   81
  260,20200619,   25,  172, 2263,    0,    0,   76
  260,20200620,   19,  167, 1807,    0,   -1,   73
  260,20200621,   35,  186, 2030,    0,    0,   69
  260,20200622,   23,  178, 2565,    0,    0,   67
  260,20200623,   19,  197, 2914,    0,    0,   64
  260,20200624,   34,  233, 2900,    0,    0,   52
  260,20200625,   40,  240, 2873,    0,    0,   55
  260,20200626,   31,  242, 2817,   36,   34,   61
  260,20200627,   36,  206, 1663,   12,   21,   79
  260,20200628,   52,  179, 2132,    3,    1,   60
  260,20200629,   58,  160, 1408,    0,   -1,   62
  260,20200630,   51,  160,  943,   82,  126,   82
  260,20200701,   39,  179, 1692,   19,   13,   78
  260,20200702,   38,  171, 1809,    7,   40,   75
  260,20200703,   49,  177, 2024,    0,   -1,   71
  260,20200704,   60,  165,  503,  133,  100,   90
  260,20200705,   68,  179, 1224,   10,    4,   77
  260,20200706,   45,  149, 1898,   11,   63,   71
  260,20200707,   25,  146, 1897,   12,    3,   77
  260,20200708,   18,  146,  557,   83,   50,   94
  260,20200709,   38,  167,  441,   79,   71,   93
  260,20200710,   31,  146, 1469,   22,   24,   81
  260,20200711,   20,  141, 2193,    0,   -1,   76
  260,20200712,   18,  149, 2223,    0,    0,   70
  260,20200713,   16,  172, 2871,    0,    0,   65
  260,20200714,   18,  157,  567,   47,   52,   84
  260,20200715,   20,  159, 1831,    0,   -1,   72
  260,20200716,   20,  163,  810,   26,   19,   86
  260,20200717,   11,  183, 1419,    0,    0,   81
  260,20200718,   21,  194, 2182,    0,    0,   78
  260,20200719,   22,  179, 1969,   14,    6,   80
  260,20200720,   28,  161, 2626,    0,   -1,   69
  260,20200721,   23,  145, 2289,    0,    0,   70
  260,20200722,   20,  145, 2406,    0,    0,   71
  260,20200723,   27,  184, 2024,    0,    0,   63
  260,20200724,   28,  185, 1504,    3,    6,   75
  260,20200725,   35,  184,  916,   62,   42,   85
  260,20200726,   37,  187, 2278,   15,   18,   72
  260,20200727,   34,  184, 1078,    0,   -1,   74
  260,20200728,   40,  179, 1867,    2,    1,   66
  260,20200729,   29,  162, 1811,    0,    0,   66
  260,20200730,   20,  183, 2584,    0,    0,   66
  260,20200731,   33,  245, 2676,    0,    0,   53
  260,20200801,   25,  206, 1479,    5,    4,   78
  260,20200802,   25,  168, 1902,    0,    0,   75
  260,20200803,   21,  154, 1211,   10,    3,   78
  260,20200804,   23,  164, 2306,    0,    0,   64
  260,20200805,   32,  206, 2551,    0,    0,   58
  260,20200806,   17,  223, 2466,    0,    0,   62
  260,20200807,   18,  247, 2501,    0,    0,   59
  260,20200808,   21,  264, 2172,    0,    0,   55
  260,20200809,   34,  267, 2148,    0,   -1,   57
  260,20200810,   31,  261, 1979,    0,    0,   57
  260,20200811,   32,  270, 2252,    0,    0,   57
  260,20200812,   24,  263, 1907,    6,    3,   64
  260,20200813,   19,  251, 1634,    8,    2,   71
  260,20200814,   22,  233, 1959,    2,    1,   78
  260,20200815,   17,  225, 1864,    8,    4,   79
  260,20200816,   22,  225, 1802,   16,  297,   79
  260,20200817,   17,  189, 1341,    5,   11,   88
  260,20200818,   25,  183, 1852,    1,    1,   80
  260,20200819,   32,  213, 1900,    0,   -1,   71
  260,20200820,   32,  232, 1202,   14,   35,   78
  260,20200821,   41,  239, 2011,    0,   -1,   60
  260,20200822,   55,  192, 1390,    5,   27,   72
  260,20200823,   41,  176, 1373,   19,   81,   78
  260,20200824,   33,  165, 1234,   25,   73,   79
  260,20200825,   49,  170,  655,   22,   21,   81
  260,20200826,   65,  161,  494,   74,   95,   84
  260,20200827,   24,  160,  958,   14,   14,   85
  260,20200828,   41,  161, 1236,   25,  145,   82
  260,20200829,   34,  149, 1290,    6,   14,   86
  260,20200830,   38,  153,  811,   27,   57,   88
  260,20200831,   22,  145, 1439,    0,    0,   76
  260,20200901,   16,  135, 1110,    0,    0,   80
  260,20200902,   13,  148, 1722,    0,    0,   78
  260,20200903,   38,  163,  430,  110,  122,   89
  260,20200904,   33,  173, 1260,   20,   21,   79
  260,20200905,   29,  148, 1452,   24,   86,   78
  260,20200906,   22,  142, 1555,    9,   12,   79
  260,20200907,   28,  155, 1613,    0,    0,   77
  260,20200908,   32,  173,  413,    0,   -1,   88
  260,20200909,   30,  168,  430,    7,    5,   90
  260,20200910,   10,  132, 1353,    0,    0,   79
  260,20200911,   15,  137, 1528,    0,    0,   81
  260,20200912,   26,  142,  798,    0,    0,   85
  260,20200913,   25,  164, 1688,    0,    0,   84
  260,20200914,   14,  186, 1658,    0,    0,   77
  260,20200915,   14,  212, 1627,    0,    0,   77
  260,20200916,   40,  184, 1308,    0,    0,   81
  260,20200917,   37,  135, 1629,    0,    0,   67
  260,20200918,   44,  145, 1708,    0,    0,   60
  260,20200919,   28,  154, 1603,    0,    0,   60
  260,20200920,   29,  149, 1642,    0,    0,   63
  260,20200921,   15,  149, 1558,    0,    0,   76
  260,20200922,   11,  141, 1478,    0,    0,   76
  260,20200923,   34,  162,  819,   37,   80,   84
  260,20200924,   45,  137,  950,   40,   67,   79
  260,20200925,   52,  109,  809,   18,   44,   86
  260,20200926,   34,  128, 1125,   64,  110,   82
  260,20200927,   36,  142,  675,   26,   34,   85
  260,20200928,   22,  128,  172,   36,   28,   96
  260,20200929,   17,  151,  839,   60,   28,   86
  260,20200930,   23,  153,  509,   12,   17,   92
  260,20201001,   35,  131,  243,   60,   76,   93
  260,20201002,   42,  129,  580,    4,    1,   84
  260,20201003,   33,  126,  161,   42,   66,   91
  260,20201004,   53,  119,  700,   26,   17,   80
  260,20201005,   51,  122,  363,   43,   58,   85
  260,20201006,   47,  128,  422,   47,   87,   89
  260,20201007,   33,  124,  527,   29,   41,   86
  260,20201008,   45,  131,  159,   94,  134,   91
  260,20201009,   25,  118,  637,   20,   52,   84
  260,20201010,   29,   87,  657,   47,   99,   86
  260,20201011,   25,   94,  806,    9,   44,   87
  260,20201012,   19,   94,  727,    0,   -1,   87
  260,20201013,   33,   96,  823,    0,    0,   84
  260,20201014,   37,   92,  606,    0,    0,   80
  260,20201015,   32,   94,  525,    0,    0,   74
  260,20201016,   20,   83,  743,    0,    0,   81
  260,20201017,    9,   71,  535,    0,   -1,   89
  260,20201018,   15,   88,  511,    0,    0,   90
  260,20201019,   20,   94,  390,    4,    2,   85
  260,20201020,   40,  117,  181,   12,    3,   83
  260,20201021,   58,  154,  300,   95,   86,   82
  260,20201022,   39,  139,  550,    5,    5,   82
  260,20201023,   29,  120,  490,    0,   -1,   90
  260,20201024,   54,  139,  352,    6,    2,   83
  260,20201025,   46,  121,  191,   14,   41,   85
  260,20201026,   46,  104,  523,    3,    1,   80
  260,20201027,   54,  101,  286,   24,   18,   86
  260,20201028,   45,  100,  353,   77,  116,   88
  260,20201029,   43,  107,  351,   77,   76,   87
  260,20201030,   55,  143,  217,   50,   26,   91
  260,20201031,   45,  135,  369,   22,   27,   85
  260,20201101,   52,  143,  260,   30,   38,   86
  260,20201102,   67,  158,  203,   20,   20,   81
  260,20201103,   47,   92,  582,    6,    6,   79
  260,20201104,   20,   67,  681,    0,    0,   85
  260,20201105,   13,   64,  514,    0,    0,   89
  260,20201106,   25,   84,  597,    0,    0,   84
  260,20201107,   20,   68,  553,    0,    0,   85
  260,20201108,   17,   84,  332,    0,   -1,   90
  260,20201109,   18,  121,  504,    0,    0,   90
  260,20201110,   14,  124,  457,    0,   -1,   93
  260,20201111,   27,  114,  220,    0,    0,   93
  260,20201112,   40,  102,  314,   21,  124,   86
  260,20201113,   34,   95,  212,    3,    2,   92
  260,20201114,   38,  124,  230,   19,   15,   86
  260,20201115,   61,  127,  199,   49,   77,   78
  260,20201116,   48,  102,  205,   27,   23,   85
  260,20201117,   56,  120,  143,    7,    1,   87
  260,20201118,   52,  128,  519,    7,    3,   75
  260,20201119,   37,   82,  282,   23,   70,   81
  260,20201120,   26,   60,  217,    1,    1,   75
  260,20201121,   53,   87,   75,   12,    3,   87
  260,20201122,   31,   89,  266,   41,   32,   86
  260,20201123,   24,   61,  470,    0,    0,   81
  260,20201124,   34,   79,  225,    0,    0,   89
  260,20201125,   35,   67,  380,    0,    0,   86
  260,20201126,   14,   88,   70,   86,   53,   96
  260,20201127,   22,   63,   60,   32,   27,   96
  260,20201128,   33,   42,  230,    0,    0,   95
  260,20201129,   23,    9,  274,    0,    0,   92
  260,20201130,   34,   24,   51,   82,   89,   96
  260,20201201,   41,   81,  176,   43,   72,   87
  260,20201202,   19,   58,   55,    0,   -1,   92
  260,20201203,   48,   55,   53,  106,   37,   91
  260,20201204,   57,   50,  171,   24,   12,   78
  260,20201205,   22,   13,  354,    0,    0,   88
  260,20201206,   17,   18,  140,    0,   -1,   93
  260,20201207,   33,   42,  105,  115,   83,   94
  260,20201208,   11,   18,  159,    0,    0,   95
  260,20201209,   30,    8,   95,    0,   -1,   98
  260,20201210,   30,    6,  249,    0,    0,   92
  260,20201211,   46,   26,   94,   54,   13,   91
  260,20201212,   20,   65,   79,   31,   12,   98
  260,20201213,   34,   69,  193,   23,   13,   90
  260,20201214,   45,   96,  151,   37,   32,   89
  260,20201215,   30,   87,   78,   14,    6,   94
  260,20201216,   37,   72,  318,    9,    1,   93
  260,20201217,   43,   89,  155,   59,   42,   89
  260,20201218,   47,   79,  305,    0,    0,   86
  260,20201219,   48,   83,  170,    7,    3,   88
  260,20201220,   43,   86,  179,    0,    0,   87
  260,20201221,   46,   79,   50,  131,  212,   94
  260,20201222,   39,  106,  103,   58,   56,   92
  260,20201223,   33,  109,   56,  105,  167,   95
  260,20201224,   37,   54,  152,   46,   36,   85
  260,20201225,   23,   32,  339,    0,   -1,   86
  260,20201226,   56,   45,  120,   29,   12,   89
  260,20201227,   81,   50,   46,  151,  130,   90
  260,20201228,   26,   36,  249,   49,   50,   91
  260,20201229,   26,   37,  160,   63,   42,   93
  260,20201230,   31,   42,  223,   20,    9,   89
  260,20201231,   12,   21,   95,   18,   29,   95
  260,20210101,   21,   30,  194,    0,    0,   92
  260,20210102,   18,   36,  107,    9,    3,   96
  260,20210103,   35,   33,   84,    6,    1,   86
  260,20210104,   53,   28,   55,   35,   11,   87
  260,20210105,   41,   29,   50,    5,    1,   89
  260,20210106,   26,   24,  111,    6,    1,   86
  260,20210107,   23,   26,  123,  152,   79,   94
  260,20210108,   13,   11,  270,   26,    4,   95
  260,20210109,   12,   -6,  382,    7,    5,   93
  260,20210110,   24,   16,  304,    0,   -1,   89
  260,20210111,   54,   50,   62,   29,   12,   89
  260,20210112,   37,   52,  358,   73,  159,   85
  260,20210113,   33,   43,  332,   11,    8,   79
  260,20210114,   33,   12,  254,    0,    0,   82
  260,20210115,   16,   12,   82,    0,    0,   78
  260,20210116,   35,    8,  123,   46,   29,   83
  260,20210117,   22,   34,  316,   28,   22,   93
  260,20210118,   41,   48,  157,    2,    2,   90
  260,20210119,   73,   77,   69,  103,  156,   88
  260,20210120,   64,   90,  162,    0,   -1,   71
  260,20210121,   70,   70,  342,   74,  118,   78
  260,20210122,   39,   40,  348,   16,    9,   88
  260,20210123,   28,   32,  222,   21,    4,   88
  260,20210124,   23,   24,  375,    2,    1,   84
  260,20210125,   28,   23,  507,   24,   29,   83
  260,20210126,   38,   45,  379,    9,    9,   81
  260,20210127,   37,   47,  103,   36,   13,   93
  260,20210128,   28,   51,   69,   72,  102,   97
  260,20210129,   51,   74,  208,   76,  100,   87
  260,20210130,   53,    4,  271,    0,    0,   79
  260,20210131,   34,  -15,  649,    0,   -1,   82
  260,20210201,   22,   10,  181,   17,    2,   93
  260,20210202,   31,   50,  147,   77,   50,   95
  260,20210203,   33,   86,   72,   94,  150,   93
  260,20210204,   30,   66,  323,   10,    4,   90
  260,20210205,   20,   68,  275,   16,   19,   93
  260,20210206,   59,   26,  122,   46,   36,   92
  260,20210207,   80,  -41,  137,  145,   43,   83
  260,20210208,   49,  -56,  323,   38,   10,   80
  260,20210209,   27,  -44,  658,    0,   -1,   79
  260,20210210,   28,  -37,  731,    0,   -1,   79
  260,20210211,   18,  -48,  891,    0,    0,   78
  260,20210212,   47,  -58,  876,    0,   -1,   75
  260,20210213,   38,  -52,  966,    0,    0,   66
  260,20210214,   54,   -6,  783,    0,    0,   53
  260,20210215,   48,   29,  142,   57,   47,   83
  260,20210216,   38,   73,  474,   20,   12,   87
  260,20210217,   50,   95,  377,    0,   -1,   82
  260,20210218,   47,   81,  320,   50,   60,   83
  260,20210219,   41,   71,  738,    0,    0,   82
  260,20210220,   46,  117,  878,    0,   -1,   73
  260,20210221,   32,  107, 1008,    0,    0,   73
  260,20210222,   33,  122,  627,    0,   -1,   60
  260,20210223,   42,  134,  797,    0,    0,   72
  260,20210224,   42,  137,  998,    0,    0,   69
  260,20210225,   30,  114,  894,    0,   -1,   76
  260,20210226,   24,   65, 1101,    0,   -1,   78
  260,20210227,   13,   43,  760,    0,    0,   90
  260,20210228,   20,   40, 1143,    0,    0,   89
  260,20210301,   35,   55,  876,    0,    0,   85
  260,20210302,   23,   63, 1208,    0,    0,   80
  260,20210303,   16,   45,  877,    0,    0,   91
  260,20210304,   28,   42,  225,    0,   -1,   83
  260,20210305,   28,   19, 1313,    0,    0,   73
  260,20210306,   18,    7, 1064,    0,    0,   79
  260,20210307,   13,   14,  555,    0,    0,   78
  260,20210308,   27,   54,  756,   50,   28,   73
  260,20210309,   26,   51,  342,   45,   17,   87
  260,20210310,   50,   57,  432,   60,   36,   84
  260,20210311,   89,   94,  566,   22,   16,   75
  260,20210312,   68,   71,  485,   10,   26,   78
  260,20210313,   77,   69,  506,   59,   77,   75
  260,20210314,   41,   67,  667,   34,   23,   78
  260,20210315,   41,   66,  697,   27,   30,   82
  260,20210316,   22,   56,  413,  106,   52,   87
  260,20210317,   36,   50,  770,    9,    4,   83
  260,20210318,   24,   44,  649,    0,   -1,   85
  260,20210319,   39,   46, 1493,    0,    0,   74
  260,20210320,   23,   43, 1211,    5,    2,   82
  260,20210321,   40,   61,  592,    5,    1,   77
  260,20210322,   19,   57,  665,    0,    0,   79
  260,20210323,   27,   65,  537,    0,    0,   83
  260,20210324,   26,   67, 1557,    0,    0,   80
  260,20210325,   30,   82,  939,    1,    1,   76
  260,20210326,   50,   97, 1267,   25,   17,   71
  260,20210327,   50,   69, 1052,   10,   14,   69
  260,20210328,   56,   97,  670,    0,   -1,   71
  260,20210329,   47,  123, 1806,    0,    0,   62
  260,20210330,   20,  113, 1867,    0,    0,   67
  260,20210331,   18,  138, 1784,    0,    0,   63
  260,20210401,   38,   96, 1769,    0,    0,   73
  260,20210402,   35,   53,  639,    0,   -1,   79
  260,20210403,   42,   72, 1404,    0,    0,   66
  260,20210404,   32,   63,  811,    0,    0,   73
  260,20210405,   60,   42, 1291,   25,   16,   72
  260,20210406,   43,   25, 1263,   22,   26,   76
  260,20210407,   45,   34, 1037,   63,  113,   81
  260,20210408,   39,   55, 1227,    0,   -1,   63
  260,20210409,   40,   78, 1369,    0,    0,   71
  260,20210410,   45,   50,  525,  120,  114,   86
  260,20210411,   41,   42, 1085,   38,   12,   78
  260,20210412,   30,   35, 1663,   12,    7,   77
  260,20210413,   21,   42, 1502,    0,   -1,   68
  260,20210414,   26,   45, 1411,    6,    9,   73
  260,20210415,   26,   53, 1384,    6,   13,   70
  260,20210416,   35,   65, 2059,    0,    0,   64
  260,20210417,   32,   71, 2133,    0,    0,   68
  260,20210418,   22,   84, 2044,    0,    0,   75
  260,20210419,   20,   88, 1271,    0,   -1,   83
  260,20210420,   17,  109, 1560,    0,    0,   69
  260,20210421,   40,   81, 1976,    0,    0,   73
  260,20210422,   28,   67, 2025,    0,    0,   66
  260,20210423,   28,   71, 2412,    0,    0,   70
  260,20210424,   34,   76, 1873,    0,    0,   65
  260,20210425,   35,   71, 1640,    0,    0,   63
  260,20210426,   37,   73, 2497,    0,    0,   63
  260,20210427,   31,   92, 2384,    0,    0,   50
  260,20210428,   40,  108, 1789,    0,    0,   50
  260,20210429,   42,   77,  337,   97,   54,   82
  260,20210430,   20,   78,  763,   77,   83,   88
  260,20210501,   28,   77, 2000,    0,   -1,   74
  260,20210502,   31,   68, 1663,    0,   -1,   71
  260,20210503,   48,   99, 1494,    7,    2,   62
  260,20210504,   77,   90,  862,   63,   67,   77
  260,20210505,   47,   71, 1846,   37,   42,   74
  260,20210506,   21,   59, 1183,   29,   42,   83
  260,20210507,   28,   65, 2116,    9,   15,   75
  260,20210508,   42,  104,  724,   37,   25,   78
  260,20210509,   38,  185, 1830,    9,   15,   68
  260,20210510,   37,  159, 1242,    9,   14,   74
  260,20210511,   12,  136,  891,   32,   10,   83
  260,20210512,   23,  115, 1779,    6,   19,   78
  260,20210513,   20,  121, 1952,   40,   87,   80
  260,20210514,   18,  111, 1712,    6,    1,   82
  260,20210515,   18,  106,  985,   24,   32,   86
  260,20210516,   30,  114, 1503,   24,   75,   83
  260,20210517,   29,  111, 1100,   48,  112,   86
  260,20210518,   24,  113, 2067,    2,    8,   77
  260,20210519,   20,  104, 1214,   27,   82,   88
  260,20210520,   36,  122, 1624,    0,   -1,   74
  260,20210521,   83,  132, 2077,    2,    1,   60
  260,20210522,   47,  105,  799,   86,   70,   84
  260,20210523,   38,  117, 1552,    9,    9,   72
  260,20210524,   38,  112, 1050,  119,  162,   83
  260,20210525,   40,  102, 1304,   15,   29,   83
  260,20210526,   43,  108, 1471,   29,   84,   83
  260,20210527,   36,  105,  731,   73,   41,   86
  260,20210528,   18,  126, 2588,    0,    0,   72
  260,20210529,   28,  125, 2782,    0,    0,   77
  260,20210530,   31,  149, 2877,    0,    0,   70
  260,20210531,   25,  167, 2878,    0,    0,   64
  260,20210601,   30,  185, 3021,    0,    0,   51
  260,20210602,   22,  210, 2936,    0,    0,   56
  260,20210603,   26,  207, 1931,    0,    0,   73
  260,20210604,   21,  200, 2327,   25,   12,   74
  260,20210605,   27,  157,  709,    0,   -1,   89
  260,20210606,   30,  165, 2862,    0,    0,   66
  260,20210607,   27,  168, 2987,    0,    0,   67
  260,20210608,   20,  191, 2951,    0,    0,   62
  260,20210609,   17,  190, 2808,    0,    0,   68
  260,20210610,   20,  193, 2761,    0,    0,   67
  260,20210611,   25,  186, 2107,    0,    0,   81
  260,20210612,   34,  167, 2327,    0,   -1,   69
  260,20210613,   15,  166, 3018,    0,    0,   66
  260,20210614,   25,  203, 2946,    0,    0,   61
  260,20210615,   24,  183, 2637,    0,    0,   61
  260,20210616,   19,  216, 2855,    0,    0,   65
  260,20210617,   31,  240, 2542,    0,    0,   67
  260,20210618,   31,  224, 2026,   29,  178,   82
  260,20210619,   32,  181,  803,   14,   90,   85
  260,20210620,   30,  186, 1543,    9,    7,   82
  260,20210621,   38,  140,  830,   95,  108,   88
  260,20210622,   38,  145, 1807,   16,    5,   71
  260,20210623,   25,  146, 1552,   24,    7,   74
  260,20210624,   20,  150, 1622,    0,    0,   73
  260,20210625,   25,  148, 1055,   24,   13,   87
  260,20210626,   24,  198, 2302,    0,    0,   77
  260,20210627,   36,  208, 2045,   19,   68,   76
  260,20210628,   14,  203, 1238,    0,   -1,   86
  260,20210629,   26,  173,  821,   26,   12,   91
  260,20210630,   28,  140,  443,   76,   26,   93
  260,20210701,   31,  150,  696,   21,    6,   84
  260,20210702,   18,  166, 1193,   14,    2,   84
  260,20210703,   21,  184, 1528,   22,   77,   83
  260,20210704,   15,  181, 1532,   38,   57,   86
  260,20210705,   28,  167, 1383,   30,   47,   87
  260,20210706,   53,  180, 1459,    8,    5,   72
  260,20210707,   28,  172, 1772,    0,    0,   76
  260,20210708,   18,  181, 1995,    0,    0,   74
  260,20210709,   19,  176, 2612,    0,    0,   78
  260,20210710,   15,  184, 1702,    0,   -1,   78
  260,20210711,   18,  188, 1781,    0,   -1,   81
  260,20210712,   21,  197, 1885,    0,   -1,   78
  260,20210713,   29,  188,  505,    4,    5,   91
  260,20210714,   41,  188,  824,   22,   12,   90
  260,20210715,   46,  178,  289,   42,   63,   91
  260,20210716,   34,  180, 1886,    0,   -1,   74
  260,20210717,   33,  200, 2798,    0,    0,   73
  260,20210718,   27,  202, 2759,    0,    0,   74
  260,20210719,   20,  174, 1940,    0,    0,   75
  260,20210720,   18,  172, 2729,    0,    0,   71
  260,20210721,   17,  194, 2480,    0,    0,   69
  260,20210722,   29,  183, 2530,    0,    0,   71
  260,20210723,   26,  170, 1567,    0,    0,   77
  260,20210724,   21,  182, 1005,    7,    1,   84
  260,20210725,   20,  197, 1917,   25,  190,   84
  260,20210726,   23,  183, 1441,   35,  201,   90
  260,20210727,   27,  176, 1119,   31,  151,   89
  260,20210728,   46,  176, 1264,    9,   33,   80
  260,20210729,   50,  173, 2464,    6,    9,   66
  260,20210730,   40,  170, 1401,   11,   40,   76
  260,20210731,   39,  164, 1447,   27,   86,   86
  260,20210801,   28,  160, 1317,   12,   23,   86
  260,20210802,   18,  153, 1629,    0,   -1,   75
  260,20210803,   15,  143, 1011,   11,   64,   85
  260,20210804,   15,  161, 1660,   13,    6,   81
  260,20210805,   17,  183, 1750,    0,    0,   77
  260,20210806,   46,  188, 1540,    4,   21,   75
  260,20210807,   38,  170, 1668,   23,   77,   80
  260,20210808,   52,  163, 1415,   37,   84,   82
  260,20210809,   35,  166, 1334,    8,  121,   81
  260,20210810,   28,  168, 1849,    5,   19,   80
  260,20210811,   19,  174, 2311,    0,    0,   77
  260,20210812,   21,  190, 2070,    0,   -1,   78
  260,20210813,   31,  177, 1561,    0,    0,   77
  260,20210814,   26,  176, 1476,    0,    0,   80
  260,20210815,   33,  191, 1978,    0,    0,   76
  260,20210816,   44,  159, 1141,   20,   65,   75
  260,20210817,   27,  147,  446,   38,   47,   89
  260,20210818,   25,  168,  737,   13,   16,   85
  260,20210819,   27,  165,  461,    6,    4,   87
  260,20210820,   22,  175, 1228,    0,   -1,   85
  260,20210821,   18,  187, 1426,   35,  119,   84
  260,20210822,   31,  179,  766,   56,  188,   92
  260,20210823,   38,  182, 1709,    0,   -1,   77
  260,20210824,   34,  171, 1878,    0,    0,   81
  260,20210825,   25,  162, 1864,    4,    2,   84
  260,20210826,   34,  163, 1288,    3,    5,   76
  260,20210827,   35,  158, 1447,   10,   19,   82
  260,20210828,   38,  170, 1336,    2,   27,   80
  260,20210829,   33,  162,  370,   22,   11,   90
  260,20210830,   35,  176, 1234,    0,    0,   84
  260,20210831,   29,  163, 1240,    0,    0,   83
  260,20210901,   18,  165,  685,    0,    0,   76
  260,20210902,   19,  163, 1442,    0,    0,   76
  260,20210903,   27,  164, 1729,    0,    0,   83
  260,20210904,   29,  154, 1700,    0,    0,   82
  260,20210905,   19,  156, 1946,    0,    0,   79
  260,20210906,   12,  165, 1602,    0,    0,   78
  260,20210907,   16,  183, 1560,    0,    0,   79
  260,20210908,   25,  194, 1831,    0,    0,   74
  260,20210909,   23,  197, 1579,    0,    0,   80
  260,20210910,   24,  195,  892,   21,   63,   90
  260,20210911,   31,  183,  767,    8,   10,   87
  260,20210912,   23,  159,  973,    0,    0,   84
  260,20210913,   16,  145,  962,    0,    0,   87
  260,20210914,   24,  173, 1188,    7,   10,   86
  260,20210915,   22,  168,  521,    0,   -1,   87
  260,20210916,   26,  162, 1222,    0,   -1,   79
  260,20210917,   14,  159,  946,    0,    0,   87
  260,20210918,   17,  153, 1314,    0,    0,   82
  260,20210919,   32,  154, 1320,    0,    0,   80
  260,20210920,   30,  119, 1273,    0,    0,   75
  260,20210921,   13,  118, 1342,    0,    0,   76
  260,20210922,   21,  132, 1409,    0,    0,   80
  260,20210923,   37,  158,  789,    0,   -1,   80
  260,20210924,   38,  179, 1030,    0,    0,   79
  260,20210925,   21,  169,  753,    0,    0,   87
  260,20210926,   24,  177, 1029,    0,    0,   84
  260,20210927,   37,  154,  588,   22,   49,   87
  260,20210928,   32,  140, 1330,    0,    0,   78
  260,20210929,   38,  118,  515,   52,  146,   84
  260,20210930,   45,  123,  740,    0,   -1,   73
  260,20211001,   49,  135,  420,   39,   62,   81
  260,20211002,   46,  144,  669,   54,   71,   87
  260,20211003,   33,  129,  328,  131,  215,   91
